1 2.76680000000000000000
2 3.40280000000000000000
3 3.74760000000000000000
4 6.37920000000000000000
5 9.44580000000000000000
6 12.47460000000000000000
7 15.19240000000000000000
8 18.95040000000000000000
9 21.99620000000000000000
10 23.85420000000000000000
11 25.68340000000000000000
12 28.10220000000000000000
13 28.24080000000000000000
14 31.57840000000000000000
15 32.39800000000000000000
16 33.65340000000000000000
17 41.33280000000000000000
18 39.20260000000000000000
19 45.83360000000000000000
20 4.06360000000000000000
