1 1.05880000000000000000
2 1.17000000000000000000
3 1.25240000000000000000
4 1.35660000000000000000
5 1.45980000000000000000
6 1.51620000000000000000
7 1.86940000000000000000
8 1.91840000000000000000
9 2.22700000000000000000
10 2.19360000000000000000
11 2.33760000000000000000
12 2.50900000000000000000
13 2.79260000000000000000
14 2.94240000000000000000
15 3.18960000000000000000
16 3.42020000000000000000
17 3.62820000000000000000
18 3.84640000000000000000
19 4.05200000000000000000
20 4.29640000000000000000
